-0.9972638618494816      7.0186100094695213E-03
-0.9856115115452684      1.6274394730905709E-02
-0.9647622555875064      2.5392065309262139E-02
-0.9349060759377397      3.4273862913021411E-02
-0.8963211557660521      4.2835898022218294E-02
-0.8493676137325700      5.0998059262374502E-02
-0.7944837959679424      5.8684093478535128E-02
-0.7321821187402897      6.5822222776361808E-02
-0.6630442669302152      7.2345794108848616E-02
-0.5877157572407623      7.8193895787070436E-02
-0.5068999089322294      8.3311924226946721E-02
-0.4213512761306353      8.7652093004403742E-02
-0.3318686022821277      9.1173878695763905E-02
-0.2392873622521371      9.3844399080804414E-02
-0.1444719615827965      9.5638720079274847E-02
-4.8307665687738310E-02  9.6540088514727854E-02
4.8307665687738310E-02  9.6540088514727854E-02
0.1444719615827965      9.5638720079274847E-02
0.2392873622521371      9.3844399080804414E-02
0.3318686022821277      9.1173878695763905E-02
0.4213512761306353      8.7652093004403742E-02
0.5068999089322294      8.3311924226946721E-02
0.5877157572407623      7.8193895787070436E-02
0.6630442669302152      7.2345794108848616E-02
0.7321821187402897      6.5822222776361808E-02
0.7944837959679424      5.8684093478535128E-02
0.8493676137325700      5.0998059262374502E-02
0.8963211557660521      4.2835898022218294E-02
0.9349060759377397      3.4273862913021411E-02
0.9647622555875064      2.5392065309262139E-02
0.9856115115452684      1.6274394730905709E-02
0.9972638618494816      7.0186100094695213E-03
