1.157221173580207e-01	2.647313710554432e-01
6.117574845151307e-01	3.777592758731380e-01
1.512610269776419	2.440820113198776e-01
2.833751337743507	9.044922221168093e-02
4.599227639418348	2.010128115463410e-02
6.844525453115177	2.663973541865216e-03
9.621316842456867	2.032315926629994e-04
1.300605499330635e+01	8.365055856819799e-06
1.711685518746226e+01	1.668493876540910e-07
2.215109037939701e+01	1.342391030515004e-09
2.848796725098400e+01	3.061601635035021e-12
3.709912104446692e+01	8.148077467426242e-16
