7.816916666970547e-02	1.855886031469188e-01
4.124900852591293e-01	3.101817663702253e-01
1.016520179623540	2.678665671485364e-01
1.894888509969761	1.529797474680749e-01
3.054353113202660	6.143491786096165e-02
4.504205538889893	1.768721308077293e-02
6.256725073949111	3.660179767759918e-03
8.327825156605630	5.406227870077353e-04
1.073799004775761e+01	5.616965051214231e-05
1.351365620755509e+01	4.015307883701158e-06
1.668930628193011e+01	1.914669856675675e-07
2.031076762626774e+01	5.836095268631594e-09
2.444068135928370e+01	1.071711266955390e-10
2.916820866257962e+01	1.089098713888834e-12
3.462792706566017e+01	5.386664748378309e-15
4.104181677280876e+01	1.049865978035703e-17
4.883392271608652e+01	5.405398451631054e-21
5.909054643590125e+01	2.691653269201029e-25
