-0.9894009349916499      2.7152459411751852E-02
-0.9445750230732326      6.2253523938647776E-02
-0.8656312023878318      9.5158511682492897E-02
-0.7554044083550030      0.1246289712555339    
-0.6178762444026438      0.1495959888165733    
-0.4580167776572274      0.1691565193950024    
-0.2816035507792589      0.1826034150449236    
-9.5012509837637441E-02  0.1894506104550685    
9.5012509837637441E-02  0.1894506104550685    
0.2816035507792589      0.1826034150449236    
0.4580167776572274      0.1691565193950024    
0.6178762444026438      0.1495959888165733    
0.7554044083550030      0.1246289712555339    
0.8656312023878318      9.5158511682492897E-02
0.9445750230732326      6.2253523938647776E-02
0.9894009349916499      2.7152459411751852E-02
